#	X	Y	Z
	-2334892779.660000	63198570576.900002	-5992737005.350000
	-57496494608.660210	-30614714320.315777	-1325938345.037076
	-57488788386.360550	-30607763253.930355	-1324364622.664206
	-57481082164.061020	-30600812187.543736	-1322790900.291389
	-57473375941.761612	-30593861121.155918	-1321217177.918626
	-57465669719.462334	-30586910054.766907	-1319643455.545917
	-57457963497.163185	-30579958988.376701	-1318069733.173261
	-57450257274.864159	-30573007921.985298	-1316496010.800658
	-57442551052.565262	-30566056855.592697	-1314922288.428109
	-57434844830.266495	-30559105789.198898	-1313348566.055614
	-57427138607.967850	-30552154722.803905	-1311774843.683172
	-57419432385.669334	-30545203656.407715	-1310201121.310784
	-57411726163.370934	-30538252590.010326	-1308627398.938449
	-57404019941.072662	-30531301523.611744	-1307053676.566167
	-57396313718.774521	-30524350457.211964	-1305479954.193939
	-57388607496.476494	-30517399390.810989	-1303906231.821764
	-57380901274.178596	-30510448324.408821	-1302332509.449642
	-57373195051.880821	-30503497258.005455	-1300758787.077574
	-57365488829.583176	-30496546191.600891	-1299185064.705559
	-57357782607.285645	-30489595125.195133	-1297611342.333597
	-57350076384.988235	-30482644058.788177	-1296037619.961688
	-57342370162.690948	-30475692992.380028	-1294463897.589833
	-57334663940.393784	-30468741925.970680	-1292890175.218030
	-57326957718.096741	-30461790859.560139	-1291316452.846280
	-57319251495.799820	-30454839793.148399	-1289742730.474584
	-57311545273.503021	-30447888726.735466	-1288169008.102941
	-57303839051.206337	-30440937660.321339	-1286595285.731350
	-57296132828.909782	-30433986593.906013	-1285021563.359812
	-57288426606.613342	-30427035527.489498	-1283447840.988328
	-57280720384.317024	-30420084461.071785	-1281874118.616896
	-57273014162.020821	-30413133394.652874	-1280300396.245517
	-57265307939.724731	-30406182328.232773	-1278726673.874191
	-57257601717.428764	-30399231261.811474	-1277152951.502917
	-57249895495.132919	-30392280195.388977	-1275579229.131697
	-57242189272.837189	-30385329128.965290	-1274005506.760529
	-57234483050.541573	-30378378062.540405	-1272431784.389413
	-57226776828.246078	-30371426996.114326	-1270858062.018351
	-57219070605.950699	-30364475929.687054	-1269284339.647341
	-57211364383.655441	-30357524863.258583	-1267710617.276383
	-57203658161.360291	-30350573796.828918	-1266136894.905478
	-57195951939.065262	-30343622730.398060	-1264563172.534626
	-57188245716.770348	-30336671663.966007	-1262989450.163826
	-57180539494.475540	-30329720597.532761	-1261415727.793079
	-57172833272.180847	-30322769531.098320	-1259842005.422384
	-57165127049.886276	-30315818464.662685	-1258268283.051741
	-57157420827.591820	-30308867398.225857	-1256694560.681151
	-57149714605.297478	-30301916331.787834	-1255120838.310613
	-57142008383.003242	-30294965265.348618	-1253547115.940128
	-57134302160.709114	-30288014198.908207	-1251973393.569694
	-57126595938.415100	-30281063132.466602	-1250399671.199313
	-57118889716.121201	-30274112066.023804	-1248825948.828984
	-57111183493.827415	-30267160999.579811	-1247252226.458708
	-57103477271.533745	-30260209933.134624	-1245678504.088483
	-57095771049.240181	-30253258866.688244	-1244104781.718311
	-57088064826.946724	-30246307800.240673	-1242531059.348190
	-57080358604.653374	-30239356733.791904	-1240957336.978122
	-57072652382.360138	-30232405667.341946	-1239383614.608105
	-57064946160.067017	-30225454600.890793	-1237809892.238140
	-57057239937.774002	-30218503534.438446	-1236236169.868228
	-57049533715.481094	-30211552467.984905	-1234662447.498368
	-57041827493.188293	-30204601401.530170	-1233088725.128559
	-57034121270.895599	-30197650335.074245	-1231515002.758802
	-57026415048.603020	-30190699268.617126	-1229941280.389097
	-57018708826.310539	-30183748202.158813	-1228367558.019444
	-57011002604.018166	-30176797135.699306	-1226793835.649843
	-57003296381.725906	-30169846069.238609	-1225220113.280293
	-56995590159.433746	-30162895002.776718	-1223646390.910795
	-56987883937.141693	-30155943936.313633	-1222072668.541349
	-56980177714.849747	-30148992869.849358	-1220498946.171954
	-56972471492.557899	-30142041803.383888	-1218925223.802611
	-56964765270.266159	-30135090736.917225	-1217351501.433319
	-56957059047.974525	-30128139670.449371	-1215777779.064079
	-56949352825.682999	-30121188603.980324	-1214204056.694890
	-56941646603.391579	-30114237537.510086	-1212630334.325753
	-56933940381.100258	-30107286471.038658	-1211056611.956667
	-56926234158.809044	-30100335404.566036	-1209482889.587633
	-56918527936.517929	-30093384338.092220	-1207909167.218650
	-56910821714.226921	-30086433271.617214	-1206335444.849718
	-56903115491.936012	-30079482205.141018	-1204761722.480838
	-56895409269.645203	-30072531138.663628	-1203188000.112009
	-56887703047.354492	-30065580072.185043	-1201614277.743231
	-56879996825.063889	-30058629005.705269	-1200040555.374504
	-56872290602.773384	-30051677939.224300	-1198466833.005829
	-56864584380.482979	-30044726872.742146	-1196893110.637204
	-56856878158.192673	-30037775806.258801	-1195319388.268631
	-56849171935.902466	-30030824739.774261	-1193745665.900109
	-56841465713.612358	-30023873673.288528	-1192171943.531638
	-56833759491.322350	-30016922606.801609	-1190598221.163218
	-56826053269.032440	-30009971540.313496	-1189024498.794849
	-56818347046.742630	-30003020473.824192	-1187450776.426531
	-56810640824.452911	-29996069407.333698	-1185877054.058264
	-56802934602.163300	-29989118340.842010	-1184303331.690047
	-56795228379.873779	-29982167274.349133	-1182729609.321882
	-56787522157.584358	-29975216207.855068	-1181155886.953767
	-56779815935.295036	-29968265141.359810	-1179582164.585703
	-56772109713.005814	-29961314074.863361	-1178008442.217690
	-56764403490.716675	-29954363008.365723	-1176434719.849727
	-56756697268.427635	-29947411941.866894	-1174860997.481816
	-56748991046.138695	-29940460875.366875	-1173287275.113955
	-56741284823.849846	-29933509808.865665	-1171713552.746144
	-56733578601.561089	-29926558742.363266	-1170139830.378384
	-56725872379.272430	-29919607675.859676	-1168566108.010675
	-56718166156.983864	-29912656609.354897	-1166992385.643016
	-56710459934.695389	-29905705542.848930	-1165418663.275408
	-56702753712.407005	-29898754476.341770	-1163844940.907850
	-56695047490.118713	-29891803409.833420	-1162271218.540342
	-56687341267.830513	-29884852343.323883	-1160697496.172885
	-56679635045.542412	-29877901276.813156	-1159123773.805478
	-56671928823.254402	-29870950210.301239	-1157550051.438122
	-56664222600.966484	-29863999143.788132	-1155976329.070816
	-56656516378.678650	-29857048077.273834	-1154402606.703560
	-56648810156.390915	-29850097010.758350	-1152828884.336354
	-56641103934.103264	-29843145944.241673	-1151255161.969199
	-56633397711.815704	-29836194877.723808	-1149681439.602094
	-56625691489.528236	-29829243811.204754	-1148107717.235039
	-56617985267.240860	-29822292744.684513	-1146533994.868033
	-56610279044.953568	-29815341678.163082	-1144960272.501078
	-56602572822.666367	-29808390611.640461	-1143386550.134173
	-56594866600.379250	-29801439545.116653	-1141812827.767318
	-56587160378.092224	-29794488478.591656	-1140239105.400513
	-56579454155.805283	-29787537412.065472	-1138665383.033758
	-56571747933.518433	-29780586345.538097	-1137091660.667053
	-56564041711.231667	-29773635279.009533	-1135517938.300398
	-56556335488.944984	-29766684212.479782	-1133944215.933792
	-56548629266.658394	-29759733145.948845	-1132370493.567237
	-56540923044.371887	-29752782079.416721	-1130796771.200731
	-56533216822.085464	-29745831012.883408	-1129223048.834275
	-56525510599.799126	-29738879946.348907	-1127649326.467869
	-56517804377.512871	-29731928879.813217	-1126075604.101512
	-56510098155.226700	-29724977813.276340	-1124501881.735205
	-56502391932.940613	-29718026746.738274	-1122928159.368948
	-56494685710.654610	-29711075680.199020	-1121354437.002740
	-56486979488.368690	-29704124613.658581	-1119780714.636581
	-56479273266.082855	-29697173547.116951	-1118206992.270473
	-56471567043.797104	-29690222480.574135	-1116633269.904413
	-56463860821.511436	-29683271414.030136	-1115059547.538403
	-56456154599.225845	-29676320347.484947	-1113485825.172443
	-56448448376.940346	-29669369280.938572	-1111912102.806532
	-56440742154.654922	-29662418214.391006	-1110338380.440670
	-56433035932.369576	-29655467147.842258	-1108764658.074857
	-56425329710.084312	-29648516081.292320	-1107190935.709094
	-56417623487.799126	-29641565014.741199	-1105617213.343380
	-56409917265.514023	-29634613948.188889	-1104043490.977716
	-56402211043.229004	-29627662881.635395	-1102469768.612100
	-56394504820.944061	-29620711815.080715	-1100896046.246534
	-56386798598.659195	-29613760748.524845	-1099322323.881017
	-56379092376.374405	-29606809681.967789	-1097748601.515549
	-56371386154.089691	-29599858615.409550	-1096174879.150130
	-56363679931.805061	-29592907548.850124	-1094601156.784760
	-56355973709.520508	-29585956482.289513	-1093027434.419439
	-56348267487.236031	-29579005415.727715	-1091453712.054166
	-56340561264.951630	-29572054349.164730	-1089879989.688943
	-56332855042.667305	-29565103282.600563	-1088306267.323769
	-56325148820.383057	-29558152216.035210	-1086732544.958643
	-56317442598.098885	-29551201149.468670	-1085158822.593567
	-56309736375.814789	-29544250082.900944	-1083585100.228539
	-56302030153.530762	-29537299016.332035	-1082011377.863560
	-56294323931.246819	-29530347949.761940	-1080437655.498630
	-56286617708.962952	-29523396883.190659	-1078863933.133748
	-56278911486.679153	-29516445816.618195	-1077290210.768915
	-56271205264.395432	-29509494750.044544	-1075716488.404130
	-56263499042.111778	-29502543683.469707	-1074142766.039395
	-56255792819.828201	-29495592616.893688	-1072569043.674707
	-56248086597.544693	-29488641550.316486	-1070995321.310069
	-56240380375.261261	-29481690483.738098	-1069421598.945479
	-56232674152.977905	-29474739417.158527	-1067847876.580937
	-56224967930.694611	-29467788350.577770	-1066274154.216444
	-56217261708.411392	-29460837283.995831	-1064700431.851999
	-56209555486.128242	-29453886217.412704	-1063126709.487602
	-56201849263.845169	-29446935150.828396	-1061552987.123254
	-56194143041.562157	-29439984084.242905	-1059979264.758955
	-56186436819.279221	-29433033017.656227	-1058405542.394703
	-56178730596.996353	-29426081951.068367	-1056831820.030500
	-56171024374.713554	-29419130884.479321	-1055258097.666345
	-56163318152.430824	-29412179817.889095	-1053684375.302238
	-56155611930.148163	-29405228751.297688	-1052110652.938179
	-56147905707.865570	-29398277684.705093	-1050536930.574168
	-56140199485.583038	-29391326618.111317	-1048963208.210205
	-56132493263.300575	-29384375551.516357	-1047389485.846291
	-56124787041.018181	-29377424484.920216	-1045815763.482424
	-56117080818.735855	-29370473418.322891	-1044242041.118605
	-56109374596.453598	-29363522351.724384	-1042668318.754835
	-56101668374.171402	-29356571285.124695	-1041094596.391112
	-56093962151.889275	-29349620218.523823	-1039520874.027437
	-56086255929.607216	-29342669151.921768	-1037947151.663810
	-56078549707.325226	-29335718085.318531	-1036373429.300231
	-56070843485.043297	-29328767018.714115	-1034799706.936699
	-56063137262.761429	-29321815952.108513	-1033225984.573215
	-56055431040.479630	-29314864885.501732	-1031652262.209779
	-56047724818.197899	-29307913818.893764	-1030078539.846391
	-56040018595.916229	-29300962752.284618	-1028504817.483050
	-56032312373.634613	-29294011685.674290	-1026931095.119757
	-56024606151.353065	-29287060619.062778	-1025357372.756511
	-56016899929.071579	-29280109552.450085	-1023783650.393313
	-56009193706.790161	-29273158485.836212	-1022209928.030163
	-56001487484.508797	-29266207419.221157	-1020636205.667060
	-55993781262.227501	-29259256352.604919	-1019062483.304004
	-55986075039.946259	-29252305285.987503	-1017488760.940996
	-55978368817.665077	-29245354219.368908	-1015915038.578035
	-55970662595.383965	-29238403152.749130	-1014341316.215122
	-55962956373.102905	-29231452086.128170	-1012767593.852256
	-55955250150.821907	-29224501019.506031	-1011193871.489437
	-55947543928.540970	-29217549952.882710	-1009620149.126665
	-55939837706.260094	-29210598886.258209	-1008046426.763941
	-55932131483.979279	-29203647819.632526	-1006472704.401263
	-55924425261.698517	-29196696753.005665	-1004898982.038633
	-55916719039.417809	-29189745686.377625	-1003325259.676050
	-55909012817.137161	-29182794619.748402	-1001751537.313514
	-55901306594.856567	-29175843553.118000	-1000177814.951025
	-55893600372.576042	-29168892486.486420	-998604092.588584
	-55885894150.295570	-29161941419.853657	-997030370.226189
	-55878187928.015152	-29154990353.219715	-995456647.863841
	-55870481705.734787	-29148039286.584599	-993882925.501540
	-55862775483.454475	-29141088219.948299	-992309203.139285
	-55855069261.174225	-29134137153.310822	-990735480.777078
	-55847363038.894028	-29127186086.672165	-989161758.414918
	-55839656816.613884	-29120235020.032330	-987588036.052804
	-55831950594.333794	-29113283953.391315	-986014313.690737
	-55824244372.053764	-29106332886.749123	-984440591.328717
	-55816538149.773781	-29099381820.105751	-982866868.966743
	-55808831927.493851	-29092430753.461201	-981293146.604816
	-55801125705.213974	-29085479686.815472	-979719424.242936
	-55793419482.934158	-29078528620.168564	-978145701.881102
	-55785713260.654388	-29071577553.520477	-976571979.519315
	-55778007038.374672	-29064626486.871216	-974998257.157574
	-55770300816.095001	-29057675420.220776	-973424534.795880
	-55762594593.815384	-29050724353.569157	-971850812.434232
	-55754888371.535820	-29043773286.916359	-970277090.072631
	-55747182149.256302	-29036822220.262386	-968703367.711076
	-55739475926.976837	-29029871153.607235	-967129645.349568
	-55731769704.697426	-29022920086.950905	-965555922.988105
	-55724063482.418060	-29015969020.293400	-963982200.626689
	-55716357260.138748	-29009017953.634716	-962408478.265320
	-55708651037.859482	-29002066886.974854	-960834755.903996
	-55700944815.580269	-28995115820.313816	-959261033.542719
	-55693238593.301102	-28988164753.651600	-957687311.181488
	-55685532371.021980	-28981213686.988209	-956113588.820303
	-55677826148.742912	-28974262620.323639	-954539866.459164
	-55670119926.463890	-28967311553.657894	-952966144.098071
	-55662413704.184914	-28960360486.990974	-951392421.737024
	-55654707481.905975	-28953409420.322876	-949818699.376023
	-55647001259.627090	-28946458353.653606	-948244977.015068
	-55639295037.348251	-28939507286.983158	-946671254.654159
	-55631588815.069458	-28932556220.311531	-945097532.293296
	-55623882592.790710	-28925605153.638733	-943523809.932478
	-55616176370.512009	-28918654086.964756	-941950087.571707
	-55608470148.233345	-28911703020.289604	-940376365.210981
	-55600763925.954735	-28904751953.613277	-938802642.850301
	-55593057703.676163	-28897800886.935776	-937228920.489667
	-55585351481.397636	-28890849820.257099	-935655198.129078
	-55577645259.119148	-28883898753.577248	-934081475.768535
	-55569939036.840706	-28876947686.896221	-932507753.408038
	-55562232814.562309	-28869996620.214020	-930934031.047586
	-55554526592.283951	-28863045553.530643	-929360308.687180
	-55546820370.005638	-28856094486.846092	-927786586.326820
	-55539114147.727364	-28849143420.160366	-926212863.966504
	-55531407925.449127	-28842192353.473465	-924639141.606235
	-55523701703.170937	-28835241286.785393	-923065419.246010
	-55515995480.892784	-28828290220.096146	-921491696.885831
	-55508289258.614670	-28821339153.405724	-919917974.525698
	-55500583036.336601	-28814388086.714127	-918344252.165610
	-55492876814.058571	-28807437020.021358	-916770529.805567
	-55485170591.780579	-28800485953.327415	-915196807.445569
	-55477464369.502625	-28793534886.632298	-913623085.085616
	-55469758147.224709	-28786583819.936005	-912049362.725709
	-55462051924.946831	-28779632753.238541	-910475640.365847
	-55454345702.668991	-28772681686.539902	-908901918.006030
	-55446639480.391197	-28765730619.840092	-907328195.646258
	-55438933258.113434	-28758779553.139111	-905754473.286531
	-55431227035.835709	-28751828486.436958	-904180750.926849
	-55423520813.558014	-28744877419.733631	-902607028.567212
	-55415814591.280365	-28737926353.029133	-901033306.207620
	-55408108369.002747	-28730975286.323460	-899459583.848073
	-55400402146.725159	-28724024219.616615	-897885861.488571
	-55392695924.447617	-28717073152.908600	-896312139.129113
	-55384989702.170105	-28710122086.199413	-894738416.769701
	-55377283479.892632	-28703171019.489056	-893164694.410333
	-55369577257.615189	-28696219952.777527	-891590972.051010
	-55361871035.337776	-28689268886.064823	-890017249.691732
	-55354164813.060402	-28682317819.350948	-888443527.332498
	-55346458590.783058	-28675366752.635902	-886869804.973309
	-55338752368.505753	-28668415685.919685	-885296082.614165
	-55331046146.228477	-28661464619.202297	-883722360.255065
	-55323339923.951233	-28654513552.483738	-882148637.896010
	-55315633701.674019	-28647562485.764008	-880574915.536999
	-55307927479.396835	-28640611419.043106	-879001193.178033
	-55300221257.119682	-28633660352.321037	-877427470.819111
	-55292515034.842567	-28626709285.597794	-875853748.460234
	-55284808812.565483	-28619758218.873383	-874280026.101401
	-55277102590.288429	-28612807152.147800	-872706303.742612
	-55269396368.011406	-28605856085.421051	-871132581.383868
	-55261690145.734406	-28598905018.693127	-869558859.025168
	-55253983923.457436	-28591953951.964035	-867985136.666512
	-55246277701.180496	-28585002885.233776	-866411414.307901
	-55238571478.903580	-28578051818.502346	-864837691.949333
	-55230865256.626701	-28571100751.769745	-863263969.590810
	-55223159034.349846	-28564149685.035976	-861690247.232331
	-55215452812.073021	-28557198618.301041	-860116524.873896
	-55207746589.796219	-28550247551.564934	-858542802.515505
	-55200040367.519447	-28543296484.827660	-856969080.157158
	-55192334145.242699	-28536345418.089214	-855395357.798855
	-55184627922.965981	-28529394351.349602	-853821635.440596
	-55176921700.689285	-28522443284.608822	-852247913.082381
	-55169215478.412621	-28515492217.866875	-850674190.724209
	-55161509256.135979	-28508541151.123753	-849100468.366082
	-55153803033.859367	-28501590084.379463	-847526746.007998
	-55146096811.582771	-28494639017.634010	-845953023.649958
	-55138390589.306206	-28487687950.887390	-844379301.291962
	-55130684367.029663	-28480736884.139599	-842805578.934010
	-55122978144.753143	-28473785817.390640	-841231856.576101
	-55115271922.476646	-28466834750.640518	-839658134.218236
	-55107565700.200172	-28459883683.889225	-838084411.860415
	-55099859477.923721	-28452932617.136768	-836510689.502637
	-55092153255.647293	-28445981550.383141	-834936967.144902
	-55084447033.370880	-28439030483.628349	-833363244.787212
	-55076740811.094490	-28432079416.872391	-831789522.429564
	-55069034588.818123	-28425128350.115265	-830215800.071960
	-55061328366.541779	-28418177283.356972	-828642077.714399
	-55053622144.265457	-28411226216.597515	-827068355.356882
	-55045915921.989151	-28404275149.836891	-825494632.999408
	-55038209699.712875	-28397324083.075100	-823920910.641978
	-55030503477.436615	-28390373016.312141	-822347188.284591
	-55022797255.160370	-28383421949.548019	-820773465.927247
	-55015091032.884148	-28376470882.782730	-819199743.569946
	-55007384810.607941	-28369519816.016273	-817626021.212688
	-54999678588.331757	-28362568749.248653	-816052298.855474
	-54991972366.055588	-28355617682.479870	-814478576.498302
	-54984266143.779434	-28348666615.709919	-812904854.141174
	-54976559921.503304	-28341715548.938805	-811331131.784089
	-54968853699.227188	-28334764482.166523	-809757409.427046
	-54961147476.951096	-28327813415.393078	-808183687.070047
	-54953441254.675011	-28320862348.618469	-806609964.713091
	-54945735032.398949	-28313911281.842693	-805036242.356177
	-54938028810.122894	-28306960215.065758	-803462519.999307
	-54930322587.846863	-28300009148.287659	-801888797.642479
	-54922616365.570847	-28293058081.508392	-800315075.285694
	-54914910143.294838	-28286107014.727966	-798741352.928952
	-54907203921.018852	-28279155947.946373	-797167630.572252
	-54899497698.742882	-28272204881.163616	-795593908.215595
	-54891791476.466927	-28265253814.379700	-794020185.858981
	-54884085254.190979	-28258302747.594620	-792446463.502410
	-54876379031.915039	-28251351680.808372	-790872741.145881
	-54868672809.639114	-28244400614.020962	-789299018.789394
	-54860966587.363205	-28237449547.232388	-787725296.432950
	-54853260365.087311	-28230498480.442657	-786151574.076549
	-54845554142.811424	-28223547413.651764	-784577851.720190
	-54837847920.535553	-28216596346.859707	-783004129.363874
	-54830141698.259689	-28209645280.066486	-781430407.007600
	-54822435475.983833	-28202694213.272102	-779856684.651368
	-54814729253.708000	-28195743146.476555	-778282962.295179
	-54807023031.432175	-28188792079.679848	-776709239.939032
	-54799316809.156357	-28181841012.881981	-775135517.582927
	-54791610586.880547	-28174889946.082954	-773561795.226864
	-54783904364.604752	-28167938879.282761	-771988072.870844
	-54776198142.328964	-28160987812.481407	-770414350.514866
	-54768491920.053177	-28154036745.678894	-768840628.158930
	-54760785697.777405	-28147085678.875217	-767266905.803036
	-54753079475.501640	-28140134612.070385	-765693183.447184
	-54745373253.225883	-28133183545.264389	-764119461.091374
	-54737667030.950134	-28126232478.457233	-762545738.735606
	-54729960808.674393	-28119281411.648918	-760972016.379880
	-54722254586.398651	-28112330344.839439	-759398294.024196
	-54714548364.122925	-28105379278.028805	-757824571.668554
	-54706842141.847206	-28098428211.217010	-756250849.312953
	-54699135919.571487	-28091477144.404053	-754677126.957395
	-54691429697.295776	-28084526077.589935	-753103404.601878
	-54683723475.020073	-28077575010.774658	-751529682.246403
	-54676017252.744377	-28070623943.958221	-749955959.890970
	-54668311030.468674	-28063672877.140625	-748382237.535578
	-54660604808.192978	-28056721810.321873	-746808515.180229
	-54652898585.917290	-28049770743.501961	-745234792.824920
	-54645192363.641602	-28042819676.680889	-743661070.469654
	-54637486141.365921	-28035868609.858662	-742087348.114429
	-54629779919.090240	-28028917543.035275	-740513625.759245
	-54622073696.814560	-28021966476.210732	-738939903.404103
	-54614367474.538887	-28015015409.385029	-737366181.049002
	-54606661252.263214	-28008064342.558167	-735792458.693943
	-54598955029.987549	-28001113275.730148	-734218736.338925
	-54591248807.711884	-27994162208.900970	-732645013.983949
	-54583542585.436218	-27987211142.070637	-731071291.629013
	-54575836363.160553	-27980260075.239143	-729497569.274119
	-54568130140.884888	-27973309008.406498	-727923846.919267
	-54560423918.609222	-27966357941.572693	-726350124.564455
	-54552717696.333557	-27959406874.737728	-724776402.209685
	-54545011474.057892	-27952455807.901611	-723202679.854956
	-54537305251.782227	-27945504741.064335	-721628957.500268
	-54529599029.506561	-27938553674.225903	-720055235.145621
	-54521892807.230888	-27931602607.386314	-718481512.791015
	-54514186584.955215	-27924651540.545570	-716907790.436450
	-54506480362.679543	-27917700473.703667	-715334068.081926
	-54498774140.403870	-27910749406.860607	-713760345.727443
	-54491067918.128189	-27903798340.016396	-712186623.373001
	-54483361695.852509	-27896847273.171028	-710612901.018600
	-54475655473.576820	-27889896206.324505	-709039178.664239
	-54467949251.301132	-27882945139.476826	-707465456.309920
	-54460243029.025436	-27875994072.627995	-705891733.955641
	-54452536806.749733	-27869043005.778008	-704318011.601403
	-54444830584.474030	-27862091938.926865	-702744289.247205
	-54437124362.198318	-27855140872.074570	-701170566.893049
	-54429418139.922607	-27848189805.221119	-699596844.538932
	-54421711917.646889	-27841238738.366512	-698023122.184857
	-54414005695.371162	-27834287671.510754	-696449399.830822
	-54406299473.095428	-27827336604.653839	-694875677.476828
	-54398593250.819687	-27820385537.795773	-693301955.122874
	-54390887028.543938	-27813434470.936550	-691728232.768961
	-54383180806.268181	-27806483404.076176	-690154510.415088
	-54375474583.992424	-27799532337.214649	-688580788.061255
	-54367768361.716660	-27792581270.351971	-687007065.707463
	-54360062139.440887	-27785630203.488136	-685433343.353711
	-54352355917.165100	-27778679136.623150	-683859621.000000
	-54344649694.889313	-27771728069.757011	-682285898.646328
	-54336943472.613510	-27764777002.889717	-680712176.292697
	-54329237250.337700	-27757825936.021271	-679138453.939106
	-54321531028.061882	-27750874869.151672	-677564731.585556
	-54313824805.786049	-27743923802.280922	-675991009.232045
	-54306118583.510208	-27736972735.409023	-674417286.878575
	-54298412361.234352	-27730021668.535973	-672843564.525144
	-54290706138.958488	-27723070601.661770	-671269842.171754
	-54282999916.682610	-27716119534.786415	-669696119.818403
	-54275293694.406723	-27709168467.909908	-668122397.465093
	-54267587472.130829	-27702217401.032253	-666548675.111822
	-54259881249.854919	-27695266334.153446	-664974952.758592
	-54252175027.578995	-27688315267.273487	-663401230.405401
	-54244468805.303062	-27681364200.392376	-661827508.052250
	-54236762583.027115	-27674413133.510117	-660253785.699139
	-54229056360.751152	-27667462066.626705	-658680063.346067
	-54221350138.475182	-27660510999.742142	-657106340.993036
	-54213643916.199196	-27653559932.856434	-655532618.640044
	-54205937693.923187	-27646608865.969574	-653958896.287091
	-54198231471.647163	-27639657799.081562	-652385173.934179
	-54190525249.371124	-27632706732.192402	-650811451.581306
	-54182819027.095078	-27625755665.302094	-649237729.228472
	-54175112804.819016	-27618804598.410637	-647664006.875678
	-54167406582.542938	-27611853531.518032	-646090284.522923
	-54159700360.266838	-27604902464.624279	-644516562.170208
	-54151994137.990723	-27597951397.729374	-642942839.817532
	-54144287915.714592	-27591000330.833321	-641369117.464896
	-54136581693.438446	-27584049263.936119	-639795395.112299
	-54128875471.162277	-27577098197.037769	-638221672.759741
	-54121169248.886093	-27570147130.138275	-636647950.407223
	-54113463026.609894	-27563196063.237629	-635074228.054744
	-54105756804.333672	-27556244996.335838	-633500505.702304
	-54098050582.057434	-27549293929.432899	-631926783.349903
	-54090344359.781174	-27542342862.528812	-630353060.997541
	-54082638137.504898	-27535391795.623581	-628779338.645219
	-54074931915.228600	-27528440728.717201	-627205616.292935
	-54067225692.952286	-27521489661.809677	-625631893.940691
	-54059519470.675949	-27514538594.901005	-624058171.588485
	-54051813248.399590	-27507587527.991184	-622484449.236319
	-54044107026.123215	-27500636461.080219	-620910726.884191
	-54036400803.846809	-27493685394.168106	-619337004.532103
	-54028694581.570389	-27486734327.254848	-617763282.180053
	-54020988359.293945	-27479783260.340443	-616189559.828042
	-54013282137.017479	-27472832193.424892	-614615837.476070
	-54005575914.740990	-27465881126.508198	-613042115.124137
	-53997869692.464485	-27458930059.590355	-611468392.772242
	-53990163470.187950	-27451978992.671368	-609894670.420386
	-53982457247.911392	-27445027925.751236	-608320948.068569
	-53974751025.634804	-27438076858.829960	-606747225.716790
	-53967044803.358192	-27431125791.907543	-605173503.365050
	-53959338581.081566	-27424174724.983978	-603599781.013349
	-53951632358.804916	-27417223658.059269	-602026058.661686
	-53943926136.528236	-27410272591.133419	-600452336.310061
	-53936219914.251534	-27403321524.206421	-598878613.958475
	-53928513691.974800	-27396370457.278282	-597304891.606928
	-53920807469.698036	-27389419390.348995	-595731169.255419
	-53913101247.421257	-27382468323.418568	-594157446.903948
	-53905395025.144447	-27375517256.486996	-592583724.552516
	-53897688802.867607	-27368566189.554279	-591010002.201121
	-53889982580.590744	-27361615122.620422	-589436279.849766
	-53882276358.313850	-27354664055.685421	-587862557.498448
	-53874570136.036934	-27347712988.749279	-586288835.147168
	-53866863913.759987	-27340761921.811993	-584715112.795927
	-53859157691.483017	-27333810854.873566	-583141390.444724
	-53851451469.206009	-27326859787.933998	-581567668.093559
	-53843745246.928978	-27319908720.993290	-579993945.742432
	-53836039024.651909	-27312957654.051441	-578420223.391343
	-53828332802.374817	-27306006587.108444	-576846501.040292
	-53820626580.097694	-27299055520.164307	-575272778.689279
	-53812920357.820541	-27292104453.219028	-573699056.338303
	-53805214135.543358	-27285153386.272614	-572125333.987366
	-53797507913.266144	-27278202319.325058	-570551611.636467
	-53789801690.988899	-27271251252.376358	-568977889.285605
	-53782095468.711624	-27264300185.426517	-567404166.934781
	-53774389246.434319	-27257349118.475536	-565830444.583995
	-53766683024.156982	-27250398051.523418	-564256722.233246
	-53758976801.879616	-27243446984.570160	-562682999.882536
	-53751270579.602211	-27236495917.615761	-561109277.531863
	-53743564357.324776	-27229544850.660221	-559535555.181227
	-53735858135.047310	-27222593783.703545	-557961832.830629
	-53728151912.769806	-27215642716.745728	-556388110.480069
	-53720445690.492264	-27208691649.786770	-554814388.129546
	-53712739468.214691	-27201740582.826672	-553240665.779061
	-53705033245.937080	-27194789515.865440	-551666943.428613
	-53697327023.659439	-27187838448.903069	-550093221.078202
	-53689620801.381760	-27180887381.939560	-548519498.727829
	-53681914579.104042	-27173936314.974915	-546945776.377493
	-53674208356.826294	-27166985248.009129	-545372054.027195
	-53666502134.548508	-27160034181.042202	-543798331.676933
	-53658795912.270683	-27153083114.074139	-542224609.326709
	-53651089689.992828	-27146132047.104939	-540650886.976523
	-53643383467.714928	-27139180980.134602	-539077164.626373
	-53635677245.436996	-27132229913.163128	-537503442.276260
	-53627971023.159027	-27125278846.190517	-535929719.926185
	-53620264800.881020	-27118327779.216770	-534355997.576147
	-53612558578.602974	-27111376712.241886	-532782275.226145
	-53604852356.324890	-27104425645.265865	-531208552.876181
	-53597146134.046768	-27097474578.288708	-529634830.526254
	-53589439911.768608	-27090523511.310417	-528061108.176363
	-53581733689.490402	-27083572444.330990	-526487385.826509
	-53574027467.212158	-27076621377.350426	-524913663.476693
	-53566321244.933876	-27069670310.368729	-523339941.126913
	-53558615022.655556	-27062719243.385895	-521766218.777170
	-53550908800.377197	-27055768176.401924	-520192496.427464
	-53543202578.098793	-27048817109.416821	-518618774.077794
	-53535496355.820351	-27041866042.430580	-517045051.728161
	-53527790133.541870	-27034914975.443207	-515471329.378565
	-53520083911.263344	-27027963908.454700	-513897607.029005
	-53512377688.984779	-27021012841.465057	-512323884.679482
	-53504671466.706169	-27014061774.474281	-510750162.329996
	-53496965244.427513	-27007110707.482372	-509176439.980546
	-53489259022.148811	-27000159640.489326	-507602717.631132
	-53481552799.870064	-26993208573.495148	-506028995.281755
	-53473846577.591286	-26986257506.499840	-504455272.932414
	-53466140355.312462	-26979306439.503395	-502881550.583110
	-53458434133.033585	-26972355372.505821	-501307828.233842
	-53450727910.754669	-26965404305.507111	-499734105.884611
	-53443021688.475708	-26958453238.507271	-498160383.535415
	-53435315466.196701	-26951502171.506298	-496586661.186256
	-53427609243.917648	-26944551104.504192	-495012938.837134
	-53419903021.638550	-26937600037.500954	-493439216.488047
	-53412196799.359406	-26930648970.496582	-491865494.138996
	-53404490577.080215	-26923697903.491081	-490291771.789982
	-53396784354.800980	-26916746836.484451	-488718049.441004
	-53389078132.521690	-26909795769.476688	-487144327.092061
	-53381371910.242355	-26902844702.467796	-485570604.743155
	-53373665687.962975	-26895893635.457771	-483996882.394285
	-53365959465.683548	-26888942568.446617	-482423160.045450
	-53358253243.404068	-26881991501.434334	-480849437.696652
	-53350547021.124542	-26875040434.420914	-479275715.347889
	-53342840798.844971	-26868089367.406364	-477701992.999162
	-53335134576.565353	-26861138300.390690	-476128270.650471
	-53327428354.285690	-26854187233.373886	-474554548.301816
	-53319722132.005966	-26847236166.355949	-472980825.953197
	-53312015909.726196	-26840285099.336884	-471407103.604613
	-53304309687.446373	-26833334032.316689	-469833381.256065
	-53296603465.166496	-26826382965.295364	-468259658.907552
	-53288897242.886574	-26819431898.272911	-466685936.559075
	-53281191020.606606	-26812480831.249332	-465112214.210634
	-53273484798.326584	-26805529764.224625	-463538491.862228
	-53265778576.046509	-26798578697.198788	-461964769.513858
	-53258072353.766380	-26791627630.171825	-460391047.165523
	-53250366131.486198	-26784676563.143734	-458817324.817224
	-53242659909.205963	-26777725496.114513	-457243602.468960
	-53234953686.925682	-26770774429.084164	-455669880.120731
	-53227247464.645348	-26763823362.052689	-454096157.772538
	-53219541242.364952	-26756872295.020084	-452522435.424380
	-53211835020.084511	-26749921227.986355	-450948713.076257
	-53204128797.804008	-26742970160.951500	-449374990.728169
	-53196422575.523460	-26736019093.915520	-447801268.380117
	-53188716353.242851	-26729068026.878414	-446227546.032100
	-53181010130.962189	-26722116959.840179	-444653823.684117
	-53173303908.681465	-26715165892.800819	-443080101.336170
	-53165597686.400696	-26708214825.760334	-441506378.988258
	-53157891464.119865	-26701263758.718723	-439932656.640381
	-53150185241.838982	-26694312691.675987	-438358934.292539
	-53142479019.558044	-26687361624.632126	-436785211.944732
	-53134772797.277046	-26680410557.587139	-435211489.596960
	-53127066574.995987	-26673459490.541027	-433637767.249223
	-53119360352.714874	-26666508423.493790	-432064044.901521
	-53111654130.433708	-26659557356.445431	-430490322.553853
	-53103947908.152481	-26652606289.395947	-428916600.206220
	-53096241685.871201	-26645655222.345337	-427342877.858622
	-53088535463.589859	-26638704155.293602	-425769155.511059
	-53080829241.308456	-26631753088.240746	-424195433.163530
	-53073123019.027000	-26624802021.186764	-422621710.816036
	-53065416796.745483	-26617850954.131660	-421047988.468577
	-53057710574.463905	-26610899887.075436	-419474266.121152
	-53050004352.182266	-26603948820.018089	-417900543.773762
	-53042298129.900566	-26596997752.959618	-416326821.426406
	-53034591907.618805	-26590046685.900024	-414753099.079084
	-53026885685.336983	-26583095618.839310	-413179376.731797
	-53019179463.055099	-26576144551.777473	-411605654.384545
	-53011473240.773155	-26569193484.714516	-410031932.037327
	-53003767018.491150	-26562242417.650436	-408458209.690143
	-52996060796.209076	-26555291350.585236	-406884487.342993
	-52988354573.926949	-26548340283.518913	-405310764.995878
	-52980648351.644753	-26541389216.451466	-403737042.648797
	-52972942129.362495	-26534438149.382900	-402163320.301750
	-52965235907.080177	-26527487082.313213	-400589597.954738
	-52957529684.797791	-26520536015.242405	-399015875.607759
	-52949823462.515343	-26513584948.170479	-397442153.260815
	-52942117240.232826	-26506633881.097435	-395868430.913904
	-52934411017.950249	-26499682814.023270	-394294708.567028
	-52926704795.667610	-26492731746.947987	-392720986.220186
	-52918998573.384903	-26485780679.871582	-391147263.873377
	-52911292351.102135	-26478829612.794060	-389573541.526603
	-52903586128.819305	-26471878545.715420	-387999819.179862
	-52895879906.536400	-26464927478.635654	-386426096.833155
	-52888173684.253433	-26457976411.554771	-384852374.486482
	-52880467461.970398	-26451025344.472775	-383278652.139843
