#	X	Y	Z
	-51734422050.099998	-140895124877.000000	607849.677222
	-106938545383.243164	-234698951328.714722	4664977487.316833
	-106973360665.087952	-234682541816.833008	4664122187.016514
	-107008175946.934357	-234666132304.954834	4663266886.716266
	-107042991228.782394	-234649722793.080231	4662411586.416089
	-107077806510.632050	-234633313281.209198	4661556286.115982
	-107112621792.483337	-234616903769.341736	4660700985.815946
	-107147437074.336258	-234600494257.477814	4659845685.515981
	-107182252356.190781	-234584084745.617432	4658990385.216086
	-107217067638.046936	-234567675233.760651	4658135084.916263
	-107251882919.904724	-234551265721.907410	4657279784.616509
	-107286698201.764130	-234534856210.057709	4656424484.316828
	-107321513483.625168	-234518446698.211578	4655569184.017216
	-107356328765.487839	-234502037186.369019	4654713883.717674
	-107391144047.352142	-234485627674.529999	4653858583.418203
	-107425959329.218079	-234469218162.694550	4653003283.118804
	-107460774611.085648	-234452808650.862640	4652147982.819475
	-107495589892.954834	-234436399139.034332	4651292682.520216
	-107530405174.825653	-234419989627.209564	4650437382.221027
	-107565220456.698105	-234403580115.388336	4649582081.921910
	-107600035738.572189	-234387170603.570679	4648726781.622864
	-107634851020.447906	-234370761091.756561	4647871481.323887
	-107669666302.325256	-234354351579.946014	4647016181.024981
	-107704481584.204239	-234337942068.139038	4646160880.726145
	-107739296866.084854	-234321532556.335602	4645305580.427381
	-107774112147.967102	-234305123044.535706	4644450280.128686
	-107808927429.850983	-234288713532.739349	4643594979.830062
	-107843742711.736511	-234272304020.946594	4642739679.531508
	-107878557993.623672	-234255894509.157379	4641884379.233025
	-107913373275.512466	-234239484997.371704	4641029078.934612
	-107948188557.402908	-234223075485.589600	4640173778.636271
	-107983003839.294983	-234206665973.811035	4639318478.337999
	-108017819121.188705	-234190256462.036041	4638463178.039798
	-108052634403.084061	-234173846950.264618	4637607877.741667
	-108087449684.981049	-234157437438.496735	4636752577.443606
	-108122264966.879684	-234141027926.732391	4635897277.145616
	-108157080248.779968	-234124618414.971588	4635041976.847695
	-108191895530.681885	-234108208903.214355	4634186676.549846
	-108226710812.585434	-234091799391.460663	4633331376.252067
	-108261526094.490646	-234075389879.710541	4632476075.954358
	-108296341376.397491	-234058980367.963989	4631620775.656719
	-108331156658.305969	-234042570856.220978	4630765475.359151
	-108365971940.216110	-234026161344.481506	4629910175.061653
	-108400787222.127884	-234009751832.745575	4629054874.764225
	-108435602504.041306	-233993342321.013214	4628199574.466867
	-108470417785.956375	-233976932809.284393	4627344274.169580
	-108505233067.873093	-233960523297.559113	4626488973.872362
	-108540048349.791458	-233944113785.837372	4625633673.575214
	-108574863631.711456	-233927704274.119232	4624778373.278137
	-108609678913.633118	-233911294762.404633	4623923072.981131
	-108644494195.556412	-233894885250.693573	4623067772.684195
	-108679309477.481369	-233878475738.986053	4622212472.387329
	-108714124759.407974	-233862066227.282074	4621357172.090533
	-108748940041.336227	-233845656715.581665	4620501871.793808
	-108783755323.266144	-233829247203.884796	4619646571.497152
	-108818570605.197693	-233812837692.191467	4618791271.200567
	-108853385887.130905	-233796428180.501678	4617935970.904052
	-108888201169.065765	-233780018668.815460	4617080670.607607
	-108923016451.002274	-233763609157.132782	4616225370.311232
	-108957831732.940445	-233747199645.453644	4615370070.014927
	-108992647014.880249	-233730790133.778046	4614514769.718692
	-109027462296.821716	-233714380622.105988	4613659469.422527
	-109062277578.764847	-233697971110.437469	4612804169.126431
	-109097092860.709641	-233681561598.772552	4611948868.830405
	-109131908142.656067	-233665152087.111176	4611093568.534450
	-109166723424.604156	-233648742575.453339	4610238268.238564
	-109201538706.553909	-233632333063.799042	4609382967.942748
	-109236353988.505325	-233615923552.148285	4608527667.647002
	-109271169270.458389	-233599514040.501099	4607672367.351327
	-109305984552.413116	-233583104528.857452	4606817067.055721
	-109340799834.369507	-233566695017.217346	4605961766.760185
	-109375615116.327560	-233550285505.580780	4605106466.464720
	-109410430398.287262	-233533875993.947754	4604251166.169324
	-109445245680.248627	-233517466482.318268	4603395865.873998
	-109480060962.211655	-233501056970.692322	4602540565.578742
	-109514876244.176331	-233484647459.069946	4601685265.283555
	-109549691526.142670	-233468237947.451111	4600829964.988439
	-109584506808.110672	-233451828435.835815	4599974664.693392
	-109619322090.080338	-233435418924.224030	4599119364.398415
	-109654137372.051682	-233419009412.615784	4598264064.103508
	-109688952654.024689	-233402599901.011078	4597408763.808671
	-109723767935.999359	-233386190389.409912	4596553463.513904
	-109758583217.975693	-233369780877.812317	4595698163.219205
	-109793398499.953690	-233353371366.218262	4594842862.924577
	-109828213781.933350	-233336961854.627747	4593987562.630018
	-109863029063.914673	-233320552343.040771	4593132262.335529
	-109897844345.897675	-233304142831.457336	4592276962.041111
	-109932659627.882355	-233287733319.877441	4591421661.746762
	-109967474909.868698	-233271323808.301086	4590566361.452482
	-110002290191.856705	-233254914296.728271	4589711061.158272
	-110037105473.846390	-233238504785.158997	4588855760.864132
	-110071920755.837738	-233222095273.593262	4588000460.570062
	-110106736037.830750	-233205685762.031067	4587145160.276061
	-110141551319.825439	-233189276250.472412	4586289859.982129
	-110176366601.821808	-233172866738.917297	4585434559.688268
	-110211181883.819839	-233156457227.365723	4584579259.394476
	-110245997165.819550	-233140047715.817688	4583723959.100754
	-110280812447.820923	-233123638204.273193	4582868658.807100
	-110315627729.823990	-233107228692.732239	4582013358.513516
	-110350443011.828720	-233090819181.194824	4581158058.220002
	-110385258293.835114	-233074409669.660950	4580302757.926558
	-110420073575.843185	-233058000158.130585	4579447457.633183
	-110454888857.852936	-233041590646.603760	4578592157.339878
	-110489704139.864365	-233025181135.080475	4577736857.046642
	-110524519421.877472	-233008771623.560730	4576881556.753475
	-110559334703.892258	-232992362112.044525	4576026256.460378
	-110594149985.908722	-232975952600.531860	4575170956.167350
	-110628965267.926865	-232959543089.022736	4574315655.874393
	-110663780549.946686	-232943133577.517120	4573460355.581504
	-110698595831.968185	-232926724066.015045	4572605055.288685
	-110733411113.991364	-232910314554.516510	4571749754.995935
	-110768226396.016220	-232893905043.021515	4570894454.703255
	-110803041678.042770	-232877495531.530060	4570039154.410644
	-110837856960.070984	-232861086020.042114	4569183854.118102
	-110872672242.100891	-232844676508.557709	4568328553.825629
	-110907487524.132477	-232828266997.076843	4567473253.533226
	-110942302806.165756	-232811857485.599518	4566617953.240891
	-110977118088.200699	-232795447974.125732	4565762652.948627
	-111011933370.237335	-232779038462.655457	4564907352.656431
	-111046748652.275665	-232762628951.188721	4564052052.364305
	-111081563934.315674	-232746219439.725525	4563196752.072248
	-111116379216.357376	-232729809928.265869	4562341451.780260
	-111151194498.400772	-232713400416.809753	4561486151.488341
	-111186009780.445847	-232696990905.357147	4560630851.196492
	-111220825062.492615	-232680581393.908081	4559775550.904712
	-111255640344.541061	-232664171882.462555	4558920250.613001
	-111290455626.591187	-232647762371.020569	4558064950.321359
	-111325270908.643005	-232631352859.582092	4557209650.029786
	-111360086190.696518	-232614943348.147156	4556354349.738283
	-111394901472.751709	-232598533836.715759	4555499049.446849
	-111429716754.808594	-232582124325.287903	4554643749.155484
	-111464532036.867188	-232565714813.863556	4553788448.864188
	-111499347318.927475	-232549305302.442749	4552933148.572962
	-111534162600.989456	-232532895791.025482	4552077848.281804
	-111568977883.053116	-232516486279.611694	4551222547.990716
	-111603793165.118469	-232500076768.201447	4550367247.699697
	-111638608447.185516	-232483667256.794739	4549511947.408747
	-111673423729.254257	-232467257745.391541	4548656647.117866
	-111708239011.324707	-232450848233.991882	4547801346.827053
	-111743054293.396851	-232434438722.595764	4546946046.536309
	-111777869575.470688	-232418029211.203186	4546090746.245635
	-111812684857.546219	-232401619699.814117	4545235445.955029
	-111847500139.623428	-232385210188.428589	4544380145.664494
	-111882315421.702347	-232368800677.046600	4543524845.374026
	-111917130703.782959	-232352391165.668121	4542669545.083629
	-111951945985.865265	-232335981654.293152	4541814244.793299
	-111986761267.949280	-232319572142.921722	4540958944.503038
	-112021576550.034988	-232303162631.553802	4540103644.212847
	-112056391832.122391	-232286753120.189423	4539248343.922724
	-112091207114.211502	-232270343608.828552	4538393043.632670
	-112126022396.302322	-232253934097.471222	4537537743.342685
	-112160837678.394852	-232237524586.117432	4536682443.052769
	-112195652960.489075	-232221115074.767120	4535827142.762921
	-112230468242.585007	-232204705563.420349	4534971842.473144
	-112265283524.682632	-232188296052.077118	4534116542.183434
	-112300098806.781967	-232171886540.737396	4533261241.893792
	-112334914088.882996	-232155477029.401215	4532405941.604220
	-112369729370.985733	-232139067518.068542	4531550641.314717
	-112404544653.090179	-232122658006.739380	4530695341.025282
	-112439359935.196335	-232106248495.413757	4529840040.735916
	-112474175217.304199	-232089838984.091644	4528984740.446619
	-112508990499.413757	-232073429472.773071	4528129440.157392
	-112543805781.525040	-232057019961.458008	4527274139.868232
	-112578621063.638016	-232040610450.146484	4526418839.579141
	-112613436345.752701	-232024200938.838470	4525563539.290119
	-112648251627.869095	-232007791427.533966	4524708239.001165
	-112683066909.987213	-231991381916.233002	4523852938.712280
	-112717882192.107025	-231974972404.935547	4522997638.423465
	-112752697474.228546	-231958562893.641632	4522142338.134717
	-112787512756.351791	-231942153382.351196	4521287037.846038
	-112822328038.476746	-231925743871.064301	4520431737.557427
	-112857143320.603394	-231909334359.780914	4519576437.268886
	-112891958602.731766	-231892924848.501068	4518721136.980412
	-112926773884.861847	-231876515337.224701	4517865836.692007
	-112961589166.993652	-231860105825.951874	4517010536.403671
	-112996404449.127167	-231843696314.682556	4516155236.115404
	-113031219731.262405	-231827286803.416779	4515299935.827205
	-113066035013.399353	-231810877292.154510	4514444635.539074
	-113100850295.538025	-231794467780.895752	4513589335.251012
	-113135665577.678406	-231778058269.640503	4512734034.963018
	-113170480859.820511	-231761648758.388794	4511878734.675093
	-113205296141.964325	-231745239247.140564	4511023434.387236
	-113240111424.109863	-231728829735.895874	4510168134.099447
	-113274926706.257111	-231712420224.654694	4509312833.811728
	-113309741988.406082	-231696010713.417053	4508457533.524076
	-113344557270.556778	-231679601202.182892	4507602233.236493
	-113379372552.709183	-231663191690.952271	4506746932.948978
	-113414187834.863312	-231646782179.725159	4505891632.661531
	-113449003117.019150	-231630372668.501587	4505036332.374154
	-113483818399.176712	-231613963157.281494	4504181032.086844
	-113518633681.335999	-231597553646.064941	4503325731.799603
	-113553448963.497009	-231581144134.851898	4502470431.512430
	-113588264245.659744	-231564734623.642334	4501615131.225326
	-113623079527.824203	-231548325112.436310	4500759830.938290
	-113657894809.990387	-231531915601.233795	4499904530.651321
	-113692710092.158295	-231515506090.034790	4499049230.364422
	-113727525374.327927	-231499096578.839294	4498193930.077590
	-113762340656.499283	-231482687067.647339	4497338629.790827
	-113797155938.672379	-231466277556.458862	4496483329.504131
	-113831971220.847198	-231449868045.273895	4495628029.217505
	-113866786503.023727	-231433458534.092468	4494772728.930945
	-113901601785.201996	-231417049022.914520	4493917428.644454
	-113936417067.381989	-231400639511.740112	4493062128.358032
	-113971232349.563705	-231384230000.569214	4492206828.071678
	-114006047631.747162	-231367820489.401794	4491351527.785393
	-114040862913.932343	-231351410978.237915	4490496227.499175
	-114075678196.119263	-231335001467.077545	4489640927.213025
	-114110493478.307907	-231318591955.920654	4488785626.926944
	-114145308760.498291	-231302182444.767303	4487930326.640930
	-114180124042.690384	-231285772933.617462	4487075026.354984
	-114214939324.884216	-231269363422.471100	4486219726.069107
	-114249754607.079773	-231252953911.328278	4485364425.783298
	-114284569889.277069	-231236544400.188934	4484509125.497556
	-114319385171.476105	-231220134889.053101	4483653825.211883
	-114354200453.676880	-231203725377.920807	4482798524.926277
	-114389015735.879395	-231187315866.791992	4481943224.640739
	-114423831018.083633	-231170906355.666687	4481087924.355269
	-114458646300.289612	-231154496844.544891	4480232624.069868
	-114493461582.497330	-231138087333.426605	4479377323.784534
	-114528276864.706787	-231121677822.311829	4478522023.499269
	-114563092146.917969	-231105268311.200562	4477666723.214070
	-114597907429.130890	-231088858800.092804	4476811422.928941
	-114632722711.345551	-231072449288.988525	4475956122.643879
	-114667537993.561966	-231056039777.887756	4475100822.358885
	-114702353275.780106	-231039630266.790527	4474245522.073958
	-114737168557.999985	-231023220755.696777	4473390221.789101
	-114771983840.221603	-231006811244.606537	4472534921.504311
	-114806799122.444962	-230990401733.519775	4471679621.219588
	-114841614404.670074	-230973992222.436554	4470824320.934934
	-114876429686.896927	-230957582711.356812	4469969020.650347
	-114911244969.125519	-230941173200.280579	4469113720.365828
	-114946060251.355850	-230924763689.207825	4468258420.081377
	-114980875533.587921	-230908354178.138611	4467403119.796993
	-115015690815.821732	-230891944667.072876	4466547819.512677
	-115050506098.057297	-230875535156.010651	4465692519.228429
	-115085321380.294601	-230859125644.951904	4464837218.944248
	-115120136662.533646	-230842716133.896698	4463981918.660135
	-115154951944.774445	-230826306622.844971	4463126618.376090
	-115189767227.016998	-230809897111.796753	4462271318.092113
	-115224582509.261292	-230793487600.752014	4461416017.808205
	-115259397791.507339	-230777078089.710785	4460560717.524363
	-115294213073.755127	-230760668578.673065	4459705417.240588
	-115329028356.004669	-230744259067.638855	4458850116.956882
	-115363843638.255951	-230727849556.608124	4457994816.673243
	-115398658920.508987	-230711440045.580902	4457139516.389671
	-115433474202.763763	-230695030534.557159	4456284216.106168
	-115468289485.020309	-230678621023.536926	4455428915.822731
	-115503104767.278595	-230662211512.520203	4454573615.539362
	-115537920049.538635	-230645802001.506989	4453718315.256061
	-115572735331.800415	-230629392490.497253	4452863014.972827
	-115607550614.063965	-230612982979.491028	4452007714.689661
	-115642365896.329269	-230596573468.488281	4451152414.406562
	-115677181178.596313	-230580163957.489044	4450297114.123530
	-115711996460.865128	-230563754446.493286	4449441813.840567
	-115746811743.135696	-230547344935.501068	4448586513.557671
	-115781627025.408005	-230530935424.512329	4447731213.274841
	-115816442307.682083	-230514525913.527069	4446875912.992080
	-115851257589.957916	-230498116402.545319	4446020612.709386
	-115886072872.235504	-230481706891.567047	4445165312.426760
	-115920888154.514847	-230465297380.592285	4444310012.144200
	-115955703436.795944	-230448887869.621002	4443454711.861709
	-115990518719.078796	-230432478358.653229	4442599411.579285
	-116025334001.363403	-230416068847.688934	4441744111.296928
	-116060149283.649780	-230399659336.728119	4440888811.014639
	-116094964565.937927	-230383249825.770813	4440033510.732416
	-116129779848.227829	-230366840314.816986	4439178210.450261
	-116164595130.519485	-230350430803.866699	4438322910.168173
	-116199410412.812897	-230334021292.919891	4437467609.886152
	-116234225695.108078	-230317611781.976562	4436612309.604199
	-116269040977.405029	-230301202271.036743	4435757009.322313
	-116303856259.703735	-230284792760.100403	4434901709.040495
	-116338671542.004211	-230268383249.167542	4434046408.758744
	-116373486824.306458	-230251973738.238190	4433191108.477059
	-116408302106.610458	-230235564227.312317	4432335808.195442
	-116443117388.916229	-230219154716.389923	4431480507.913893
	-116477932671.223755	-230202745205.471039	4430625207.632410
	-116512747953.533035	-230186335694.555634	4429769907.350995
	-116547563235.844086	-230169926183.643738	4428914607.069646
	-116582378518.156906	-230153516672.735321	4428059306.788364
	-116617193800.471497	-230137107161.830383	4427204006.507151
	-116652009082.787872	-230120697650.928955	4426348706.226004
	-116686824365.106003	-230104288140.031006	4425493405.944924
	-116721639647.425903	-230087878629.136536	4424638105.663911
	-116756454929.747574	-230071469118.245544	4423782805.382965
	-116791270212.071014	-230055059607.358063	4422927505.102087
	-116826085494.396225	-230038650096.474060	4422072204.821276
	-116860900776.723206	-230022240585.593536	4421216904.540531
	-116895716059.051956	-230005831074.716522	4420361604.259853
	-116930531341.382477	-229989421563.842957	4419506303.979243
	-116965346623.714767	-229973012052.972870	4418651003.698699
	-117000161906.048843	-229956602542.106293	4417795703.418222
	-117034977188.384689	-229940193031.243195	4416940403.137813
	-117069792470.722305	-229923783520.383575	4416085102.857470
	-117104607753.061691	-229907374009.527435	4415229802.577193
	-117139423035.402847	-229890964498.674805	4414374502.296985
	-117174238317.745789	-229874554987.825653	4413519202.016842
	-117209053600.090500	-229858145476.979980	4412663901.736767
	-117243868882.436996	-229841735966.137787	4411808601.456758
	-117278684164.785278	-229825326455.299103	4410953301.176817
	-117313499447.135330	-229808916944.463867	4410098000.896942
	-117348314729.487152	-229792507433.632111	4409242700.617135
	-117383130011.840759	-229776097922.803833	4408387400.337394
	-117417945294.196152	-229759688411.979065	4407532100.057720
	-117452760576.553314	-229743278901.157776	4406676799.778112
	-117487575858.912262	-229726869390.339966	4405821499.498572
	-117522391141.272980	-229710459879.525635	4404966199.219098
	-117557206423.635498	-229694050368.714813	4404110898.939691
	-117592021705.999786	-229677640857.907440	4403255598.660351
	-117626836988.365845	-229661231347.103546	4402400298.381077
	-117661652270.733704	-229644821836.303131	4401544998.101871
	-117696467553.103333	-229628412325.506195	4400689697.822730
	-117731282835.474747	-229612002814.712769	4399834397.543656
	-117766098117.847946	-229595593303.922791	4398979097.264649
	-117800913400.222931	-229579183793.136292	4398123796.985709
	-117835728682.599701	-229562774282.353271	4397268496.706836
	-117870543964.978256	-229546364771.573730	4396413196.428029
	-117905359247.358597	-229529955260.797668	4395557896.149288
	-117940174529.740723	-229513545750.025085	4394702595.870615
	-117974989812.124649	-229497136239.255981	4393847295.592008
	-118009805094.510345	-229480726728.490356	4392991995.313467
	-118044620376.897842	-229464317217.728210	4392136695.034993
	-118079435659.287125	-229447907706.969543	4391281394.756586
	-118114250941.678192	-229431498196.214325	4390426094.478245
	-118149066224.071060	-229415088685.462616	4389570794.199970
	-118183881506.465714	-229398679174.714386	4388715493.921762
	-118218696788.862152	-229382269663.969635	4387860193.643620
	-118253512071.260391	-229365860153.228333	4387004893.365545
	-118288327353.660416	-229349450642.490509	4386149593.087537
	-118323142636.062225	-229333041131.756165	4385294292.809594
	-118357957918.465836	-229316631621.025269	4384438992.531718
	-118392773200.871231	-229300222110.297852	4383583692.253909
	-118427588483.278427	-229283812599.573944	4382728391.976167
	-118462403765.687424	-229267403088.853516	4381873091.698490
	-118497219048.098206	-229250993578.136536	4381017791.420879
	-118532034330.510773	-229234584067.423035	4380162491.143336
	-118566849612.925140	-229218174556.713013	4379307190.865859
	-118601664895.341309	-229201765046.006439	4378451890.588448
	-118636480177.759277	-229185355535.303345	4377596590.311103
	-118671295460.179047	-229168946024.603729	4376741290.033824
	-118706110742.600616	-229152536513.907562	4375885989.756612
	-118740926025.023972	-229136127003.214874	4375030689.479465
	-118775741307.449127	-229119717492.525665	4374175389.202386
	-118810556589.876083	-229103307981.839905	4373320088.925372
	-118845371872.304840	-229086898471.157623	4372464788.648424
	-118880187154.735397	-229070488960.478851	4371609488.371543
	-118915002437.167755	-229054079449.803528	4370754188.094728
	-118949817719.601913	-229037669939.131683	4369898887.817980
	-118984633002.037872	-229021260428.463287	4369043587.541297
	-119019448284.475632	-229004850917.798370	4368188287.264680
	-119054263566.915192	-228988441407.136932	4367332986.988130
	-119089078849.356552	-228972031896.478943	4366477686.711646
	-119123894131.799713	-228955622385.824432	4365622386.435228
	-119158709414.244690	-228939212875.173370	4364767086.158876
	-119193524696.691467	-228922803364.525787	4363911785.882590
	-119228339979.140045	-228906393853.881683	4363056485.606371
	-119263155261.590439	-228889984343.241028	4362201185.330217
	-119297970544.042633	-228873574832.603851	4361345885.054130
	-119332785826.496628	-228857165321.970123	4360490584.778108
	-119367601108.952423	-228840755811.339874	4359635284.502151
	-119402416391.410049	-228824346300.713074	4358779984.226261
	-119437231673.869476	-228807936790.089752	4357924683.950438
	-119472046956.330704	-228791527279.469910	4357069383.674681
	-119506862238.793732	-228775117768.853516	4356214083.398990
	-119541677521.258591	-228758708258.240601	4355358783.123364
	-119576492803.725250	-228742298747.631104	4354503482.847805
	-119611308086.193710	-228725889237.025085	4353648182.572311
	-119646123368.663986	-228709479726.422516	4352792882.296884
	-119680938651.136078	-228693070215.823425	4351937582.021522
	-119715753933.609985	-228676660705.227783	4351082281.746225
	-119750569216.085693	-228660251194.635620	4350226981.470995
	-119785384498.563232	-228643841684.046906	4349371681.195830
	-119820199781.042572	-228627432173.461670	4348516380.920732
	-119855015063.523727	-228611022662.879883	4347661080.645699
	-119889830346.006699	-228594613152.301575	4346805780.370731
	-119924645628.491486	-228578203641.726715	4345950480.095830
	-119959460910.978088	-228561794131.155334	4345095179.820994
	-119994276193.466507	-228545384620.587402	4344239879.546225
	-120029091475.956741	-228528975110.022919	4343384579.271521
	-120063906758.448792	-228512565599.461884	4342529278.996882
	-120098722040.942657	-228496156088.904297	4341673978.722310
	-120133537323.438339	-228479746578.350189	4340818678.447803
	-120168352605.935852	-228463337067.799530	4339963378.173361
	-120203167888.435165	-228446927557.252350	4339108077.898985
	-120237983170.936310	-228430518046.708618	4338252777.624675
	-120272798453.439270	-228414108536.168335	4337397477.350430
	-120307613735.944061	-228397699025.631531	4336542177.076252
	-120342429018.450653	-228381289515.098145	4335686876.802139
	-120377244300.959076	-228364880004.568237	4334831576.528092
	-120412059583.469330	-228348470494.041779	4333976276.254111
	-120446874865.981400	-228332060983.518768	4333120975.980196
	-120481690148.495285	-228315651472.999237	4332265675.706345
	-120516505431.010986	-228299241962.483154	4331410375.432559
	-120551320713.528519	-228282832451.970520	4330555075.158839
	-120586135996.047882	-228266422941.461334	4329699774.885185
	-120620951278.569077	-228250013430.955597	4328844474.611597
	-120655766561.092087	-228233603920.453339	4327989174.338075
	-120690581843.616928	-228217194409.954529	4327133874.064617
	-120725397126.143600	-228200784899.459137	4326278573.791224
	-120760212408.672089	-228184375388.967224	4325423273.517898
	-120795027691.202393	-228167965878.478760	4324567973.244637
	-120829842973.734528	-228151556367.993744	4323712672.971441
	-120864658256.268494	-228135146857.512207	4322857372.698311
	-120899473538.804291	-228118737347.034088	4322002072.425245
	-120934288821.341934	-228102327836.559418	4321146772.152246
	-120969104103.881393	-228085918326.088196	4320291471.879312
	-121003919386.422684	-228069508815.620453	4319436171.606443
	-121038734668.965805	-228053099305.156128	4318580871.333639
	-121073549951.510757	-228036689794.695251	4317725571.060901
	-121108365234.057541	-228020280284.237854	4316870270.788228
	-121143180516.606155	-228003870773.783905	4316014970.515621
	-121177995799.156601	-227987461263.333374	4315159670.243078
	-121212811081.708878	-227971051752.886292	4314304369.970601
	-121247626364.263000	-227954642242.442688	4313449069.698190
	-121282441646.818954	-227938232732.002533	4312593769.425842
	-121317256929.376740	-227921823221.565796	4311738469.153561
	-121352072211.936356	-227905413711.132507	4310883168.881345
	-121386887494.497818	-227889004200.702698	4310027868.609194
	-121421702777.061111	-227872594690.276337	4309172568.337108
	-121456518059.626236	-227856185179.853394	4308317268.065087
	-121491333342.193207	-227839775669.433899	4307461967.793132
	-121526148624.762009	-227823366159.017853	4306606667.521241
	-121560963907.332642	-227806956648.605255	4305751367.249416
	-121595779189.905121	-227790547138.196106	4304896066.977656
	-121630594472.479431	-227774137627.790405	4304040766.705961
	-121665409755.055573	-227757728117.388123	4303185466.434331
	-121700225037.633560	-227741318606.989288	4302330166.162766
	-121735040320.213394	-227724909096.593933	4301474865.891266
	-121769855602.795074	-227708499586.201996	4300619565.619831
	-121804670885.378586	-227692090075.813507	4299764265.348461
	-121839486167.963943	-227675680565.428467	4298908965.077156
	-121874301450.551132	-227659271055.046844	4298053664.805917
	-121909116733.140182	-227642861544.668671	4297198364.534741
	-121943932015.731064	-227626452034.293945	4296343064.263632
	-121978747298.323792	-227610042523.922668	4295487763.992586
	-122013562580.918350	-227593633013.554840	4294632463.721606
	-122048377863.514771	-227577223503.190430	4293777163.450691
	-122083193146.113037	-227560813992.829468	4292921863.179841
	-122118008428.713135	-227544404482.471954	4292066562.909056
	-122152823711.315094	-227527994972.117859	4291211262.638335
	-122187638993.918900	-227511585461.767212	4290355962.367680
	-122222454276.524536	-227495175951.420013	4289500662.097089
	-122257269559.132034	-227478766441.076233	4288645361.826563
	-122292084841.741379	-227462356930.735901	4287790061.556102
	-122326900124.352570	-227445947420.399017	4286934761.285706
	-122361715406.965607	-227429537910.065582	4286079461.015374
	-122396530689.580490	-227413128399.735565	4285224160.745107
	-122431345972.197235	-227396718889.408997	4284368860.474905
	-122466161254.815826	-227380309379.085876	4283513560.204767
	-122500976537.436264	-227363899868.766174	4282658259.934695
	-122535791820.058548	-227347490358.449921	4281802959.664687
	-122570607102.682693	-227331080848.137085	4280947659.394744
	-122605422385.308685	-227314671337.827698	4280092359.124866
	-122640237667.936539	-227298261827.521729	4279237058.855052
	-122675052950.566238	-227281852317.219208	4278381758.585303
	-122709868233.197800	-227265442806.920105	4277526458.315619
	-122744683515.831207	-227249033296.624451	4276671158.045999
	-122779498798.466476	-227232623786.332214	4275815857.776444
	-122814314081.103607	-227216214276.043427	4274960557.506953
	-122849129363.742584	-227199804765.758057	4274105257.237527
	-122883944646.383423	-227183395255.476135	4273249956.968166
	-122918759929.026108	-227166985745.197632	4272394656.698869
	-122953575211.670654	-227150576234.922577	4271539356.429637
	-122988390494.317062	-227134166724.650940	4270684056.160469
	-123023205776.965317	-227117757214.382751	4269828755.891366
	-123058021059.615433	-227101347704.117981	4268973455.622327
	-123092836342.267410	-227084938193.856659	4268118155.353353
	-123127651624.921249	-227068528683.598724	4267262855.084443
	-123162466907.576950	-227052119173.344238	4266407554.815598
	-123197282190.234512	-227035709663.093170	4265552254.546817
	-123232097472.893936	-227019300152.845551	4264696954.278100
	-123266912755.555222	-227002890642.601349	4263841654.009449
	-123301728038.218353	-226986481132.360596	4262986353.740860
	-123336543320.883362	-226970071622.123260	4262131053.472337
	-123371358603.550232	-226953662111.889374	4261275753.203878
	-123406173886.218964	-226937252601.658905	4260420452.935484
	-123440989168.889557	-226920843091.431854	4259565152.667154
	-123475804451.562027	-226904433581.208221	4258709852.398888
	-123510619734.236359	-226888024070.988007	4257854552.130686
	-123545435016.912537	-226871614560.771240	4256999251.862549
	-123580250299.590591	-226855205050.557892	4256143951.594476
	-123615065582.270508	-226838795540.347961	4255288651.326467
	-123649880864.952301	-226822386030.141479	4254433351.058522
	-123684696147.635956	-226805976519.938416	4253578050.790642
	-123719511430.321472	-226789567009.738770	4252722750.522826
	-123754326713.008865	-226773157499.542542	4251867450.255074
	-123789141995.698120	-226756747989.349731	4251012149.987386
	-123823957278.389252	-226740338479.160370	4250156849.719762
	-123858772561.082245	-226723928968.974426	4249301549.452203
	-123893587843.777115	-226707519458.791901	4248446249.184708
	-123928403126.473846	-226691109948.612793	4247590948.917277
	-123963218409.172455	-226674700438.437103	4246735648.649910
	-123998033691.872925	-226658290928.264862	4245880348.382607
	-124032848974.575272	-226641881418.096039	4245025048.115368
	-124067664257.279510	-226625471907.930603	4244169747.848193
	-124102479539.985611	-226609062397.768616	4243314447.581082
	-124137294822.693588	-226592652887.610046	4242459147.314035
	-124172110105.403442	-226576243377.454895	4241603847.047053
	-124206925388.115158	-226559833867.303162	4240748546.780134
	-124241740670.828751	-226543424357.154846	4239893246.513279
	-124276555953.544235	-226527014847.009949	4239037946.246489
	-124311371236.261581	-226510605336.868469	4238182645.979763
	-124346186518.980804	-226494195826.730408	4237327345.713100
	-124381001801.701904	-226477786316.595764	4236472045.446501
	-124415817084.424881	-226461376806.464539	4235616745.179966
	-124450632367.149734	-226444967296.336731	4234761444.913496
	-124485447649.876465	-226428557786.212341	4233906144.647089
	-124520262932.605072	-226412148276.091370	4233050844.380746
	-124555078215.335571	-226395738765.973785	4232195544.114467
	-124589893498.067947	-226379329255.859650	4231340243.848251
	-124624708780.802200	-226362919745.748932	4230484943.582100
	-124659524063.538345	-226346510235.641602	4229629643.316012
	-124694339346.276367	-226330100725.537689	4228774343.049988
	-124729154629.016251	-226313691215.437225	4227919042.784028
	-124763969911.758026	-226297281705.340149	4227063742.518132
	-124798785194.501678	-226280872195.246490	4226208442.252299
	-124833600477.247208	-226264462685.156250	4225353141.986531
	-124868415759.994629	-226248053175.069427	4224497841.720826
	-124903231042.743927	-226231643664.986023	4223642541.455185
	-124938046325.495117	-226215234154.906006	4222787241.189608
	-124972861608.248184	-226198824644.829407	4221931940.924094
	-125007676891.003143	-226182415134.756226	4221076640.658644
	-125042492173.759995	-226166005624.686462	4220221340.393258
	-125077307456.518738	-226149596114.620117	4219366040.127934
	-125112122739.279358	-226133186604.557159	4218510739.862675
	-125146938022.041870	-226116777094.497620	4217655439.597479
	-125181753304.806259	-226100367584.441498	4216800139.332347
	-125216568587.572540	-226083958074.388794	4215944839.067279
	-125251383870.340714	-226067548564.339508	4215089538.802274
	-125286199153.110779	-226051139054.293610	4214234238.537333
	-125321014435.882736	-226034729544.251129	4213378938.272456
	-125355829718.656570	-226018320034.212036	4212523638.007641
	-125390645001.432297	-226001910524.176361	4211668337.742890
	-125425460284.209930	-225985501014.144104	4210813037.478203
	-125460275566.989441	-225969091504.115265	4209957737.213580
	-125495090849.770844	-225952681994.089813	4209102436.949019
	-125529906132.554153	-225936272484.067780	4208247136.684523
	-125564721415.339340	-225919862974.049133	4207391836.420089
	-125599536698.126419	-225903453464.033905	4206536536.155719
	-125634351980.915405	-225887043954.022064	4205681235.891413
	-125669167263.706284	-225870634444.013641	4204825935.627170
	-125703982546.499039	-225854224934.008606	4203970635.362990
	-125738797829.293701	-225837815424.007019	4203115335.098873
	-125773613112.090256	-225821405914.008820	4202260034.834820
	-125808428394.888718	-225804996404.014038	4201404734.570831
	-125843243677.689056	-225788586894.022644	4200549434.306904
	-125878058960.491302	-225772177384.034668	4199694134.043041
	-125912874243.295441	-225755767874.050079	4198838833.779242
	-125947689526.101486	-225739358364.068909	4197983533.515505
	-125982504808.909424	-225722948854.091125	4197128233.251832
	-126017320091.719269	-225706539344.116730	4196272932.988222
	-126052135374.531006	-225690129834.145752	4195417632.724675
	-126086950657.344650	-225673720324.178162	4194562332.461192
	-126121765940.160202	-225657310814.213989	4193707032.197772
	-126156581222.977631	-225640901304.253204	4192851731.934414
	-126191396505.796967	-225624491794.295807	4191996431.671121
	-126226211788.618210	-225608082284.341827	4191141131.407890
	-126261027071.441345	-225591672774.391235	4190285831.144722
	-126295842354.266388	-225575263264.444061	4189430530.881618
	-126330657637.093338	-225558853754.500275	4188575230.618577
	-126365472919.922180	-225542444244.559875	4187719930.355598
	-126400288202.752930	-225526034734.622894	4186864630.092683
	-126435103485.585587	-225509625224.689301	4186009329.829831
	-126469918768.420166	-225493215714.759094	4185154029.567042
	-126504734051.256638	-225476806204.832306	4184298729.304316
	-126539549334.095016	-225460396694.908905	4183443429.041653
	-126574364616.935303	-225443987184.988892	4182588128.779053
	-126609179899.777496	-225427577675.072296	4181732828.516516
	-126643995182.621597	-225411168165.159088	4180877528.254042
	-126678810465.467606	-225394758655.249268	4180022227.991631
	-126713625748.315521	-225378349145.342834	4179166927.729283
	-126748441031.165329	-225361939635.439819	4178311627.466998
	-126783256314.017059	-225345530125.540192	4177456327.204776
	-126818071596.870697	-225329120615.643951	4176601026.942616
	-126852886879.726242	-225312711105.751129	4175745726.680520
	-126887702162.583694	-225296301595.861694	4174890426.418487
	-126922517445.443069	-225279892085.975647	4174035126.156516
	-126957332728.304352	-225263482576.092987	4173179825.894608
	-126992148011.167542	-225247073066.213745	4172324525.632763
	-127026963294.032639	-225230663556.337860	4171469225.370981
	-127061778576.899658	-225214254046.465363	4170613925.109262
	-127096593859.768585	-225197844536.596252	4169758624.847605
	-127131409142.639435	-225181435026.730530	4168903324.586011
	-127166224425.512207	-225165025516.868225	4168048024.324481
	-127201039708.386887	-225148616007.009308	4167192724.063012
	-127235854991.263474	-225132206497.153778	4166337423.801607
	-127270670274.141983	-225115796987.301636	4165482123.540264
	-127305485557.022400	-225099387477.452850	4164626823.278984
	-127340300839.904739	-225082977967.607483	4163771523.017766
	-127375116122.789001	-225066568457.765503	4162916222.756611
	-127409931405.675171	-225050158947.926910	4162060922.495519
	-127444746688.563263	-225033749438.091705	4161205622.234489
	-127479561971.453262	-225017339928.259888	4160350321.973523
	-127514377254.345200	-225000930418.431427	4159495021.712618
	-127549192537.239044	-224984520908.606354	4158639721.451777
	-127584007820.134811	-224968111398.784698	4157784421.190998
	-127618823103.032501	-224951701888.966431	4156929120.930281
	-127653638385.932114	-224935292379.151550	4156073820.669627
	-127688453668.833633	-224918882869.340057	4155218520.409036
	-127723268951.737091	-224902473359.531921	4154363220.148507
	-127758084234.642456	-224886063849.727173	4153507919.888041
	-127792899517.549759	-224869654339.925812	4152652619.627636
